1261229755.077906 0.487599 1.000400 0.718798 0.000000
1261229755.277914 0.453457 1.000000 0.633642 0.000000
1261229755.527894 0.429972 1.000267 0.574798 0.000000
1261229755.577899 0.425988 1.000133 0.564902 0.000000
1261229755.627901 0.414683 1.000400 0.536507 0.000000
1261229755.927939 0.391779 1.000267 0.479313 0.000000
1261229756.127899 0.387913 1.000400 0.469582 0.000000
1261229756.227908 0.379513 1.000533 0.448517 0.000000
1261229756.923877 0.429583 1.003333 0.572291 0.000000
1261229756.963629 0.391755 1.000400 0.479187 0.000000
1261229756.990047 0.375853 1.000933 0.439166 0.000000
1261229757.304546 0.430364 1.003333 0.574244 0.000000
1261229757.377937 0.386189 1.000800 0.465074 0.000000
1261229757.727911 0.385789 1.000133 0.464405 0.000000
0.000000 625597861001397684506984448.000000 0.000000 1563994652503494211267461120.000000 0.000000
1261229758.127944 0.375602 1.000533 0.438738 0.000000
1261229758.427924 0.380072 1.000667 0.449847 0.000000
1261229758.577921 0.519164 1.002667 0.583546 0.213030
1261229758.877933 0.485426 1.006667 0.596548 0.113684
1261229759.027952 0.526372 1.005333 0.590343 0.222920
1261229759.127922 0.581048 1.004000 0.585336 0.365285
1261229759.177924 0.575015 1.004000 0.601267 0.334270
1261229759.327932 0.631079 1.005333 0.589594 0.485437
1261229759.527949 0.633048 1.002667 0.567589 0.513699
1261229759.677955 0.671577 1.006000 0.588642 0.587302
1261229759.777964 0.664011 1.005333 0.591184 0.566176
1261229759.927932 0.629672 1.004000 0.592181 0.480000
1261229760.127940 0.586189 1.004000 0.593416 0.370057
1261229760.277956 0.619037 1.003333 0.580608 0.465318
1261229760.427959 0.632668 1.004667 0.586430 0.492908
1261229760.577970 0.610640 1.005333 0.596515 0.427419
1261229760.777948 0.592308 1.004000 0.586555 0.392216
1261229760.827945 0.615097 1.005333 0.581022 0.454054
1261229760.957679 0.682988 1.004000 0.594943 0.610526
0.000000 625594540587464416787693568.000000 0.000000 1563986388362149189388337152.000000 0.000000
1261229761.277967 0.397927 1.000267 0.494685 0.000000
1261229761.427955 0.386072 1.000267 0.465047 0.000000
0.000000 625591220173531149068402688.000000 0.000000 1563978124220804167509213184.000000 0.000000
1261229761.927973 0.390005 1.000667 0.474679 0.000000
1261229762.277961 0.396458 1.000400 0.490946 0.000000
1261229762.577980 0.482164 1.002667 0.586246 0.117831
1261229762.827991 0.499519 1.004667 0.558494 0.187970
1261229763.027972 0.514287 1.004000 0.578920 0.204797
1261229763.127969 0.557648 1.004667 0.580259 0.311526
1261229763.177976 0.608481 1.005333 0.561123 0.457413
1261229763.427985 0.558569 1.004667 0.561934 0.332155
1261229763.577993 0.567109 1.004667 0.547659 0.367781
1261229763.677970 0.594199 1.006000 0.544997 0.437500
1261229763.827983 0.585321 1.006667 0.540883 0.419087
1261229763.887434 0.600284 1.004667 0.561078 0.437299
0.000000 888601798123477552804659200.000000 0.000000 2221504495308693882011648000.000000 0.000000
1261229764.227996 0.347866 1.000133 0.369598 0.000000
1261229764.327998 0.361118 1.000000 0.402795 0.000000
0.000000 888595157295611017366077440.000000 0.000000 2221487967026003838253400064.000000 0.000000
1261229764.828006 0.354530 1.000400 0.386124 0.000000
1261229764.928005 0.345754 1.000133 0.364319 0.000000
0.000000 6550770566819683371417862144.000000 0.000000 16376926121901303249191829504.000000 0.000000
1261229765.227995 0.368435 1.000667 0.420754 0.000000
0.000000 6550774108594545523651772416.000000 0.000000 16376935566634268988482256896.000000 0.000000
0.000000 0.390761 1.000133 0.476836 0.000000
1261229765.828015 0.399686 1.000667 0.498881 0.000000
1261229765.927996 0.404389 1.000400 0.510772 0.000000
0.000000 6550747545283079381897445376.000000 0.000000 16376869453503508813449265152.000000 0.000000
1261229766.428021 0.418561 1.000400 0.546202 0.000000
1261229766.528021 0.418083 1.000533 0.544942 0.000000
0.000000 6550747545283079381897445376.000000 0.000000 16376869453503508813449265152.000000 0.000000
1261229767.078021 0.427607 1.000533 0.568750 0.000000
1261229767.228050 0.422628 1.000933 0.556102 0.000000
1261229767.528010 0.512506 1.007333 0.615437 0.162162
1261229767.628018 0.495915 1.003333 0.637193 0.100928
1261229767.778024 0.538814 1.001333 0.641241 0.205128
1261229767.828021 0.668944 1.006667 0.651219 0.517808
1261229768.028042 0.625366 1.005333 0.630285 0.430464
1261229768.128006 0.601896 1.002667 0.637069 0.366337
1261229768.228017 0.631169 1.004000 0.629439 0.446483
1261229768.378012 0.618205 1.004000 0.629606 0.413907
1261229768.478033 0.648694 1.003333 0.607959 0.512111
1261229768.578033 0.648624 1.004000 0.591335 0.528226
1261229768.678036 0.649190 1.002000 0.610163 0.511811
1261229768.778049 0.670051 1.004000 0.612230 0.560897
1261229768.828042 0.683563 1.002000 0.592523 0.615385
1261229768.928015 0.666270 1.004000 0.591691 0.571984
1261229769.128028 0.603415 1.004667 0.595137 0.411067
1261229769.228032 0.631616 1.002667 0.584799 0.492908
1261229769.328028 0.656634 1.004667 0.587850 0.551402
1261229769.428062 0.622023 1.006667 0.594324 0.457399
1261229769.478038 0.648173 1.003333 0.609088 0.509677
1261229769.528065 0.641919 1.004000 0.620308 0.482490
1261229769.628024 0.624060 1.002667 0.597911 0.460905
1261229769.678029 0.609707 1.007333 0.599766 0.420833
1261229769.728029 0.591303 1.001333 0.582634 0.394958
1261229769.778196 0.628444 1.006000 0.589704 0.478405
1261229770.028047 0.560075 1.004000 0.584696 0.313492
1261229770.128052 0.418636 1.003333 0.541759 0.003165
1261229770.378028 0.400251 1.000533 0.500361 0.000000
1261229770.428036 0.389582 1.000400 0.473755 0.000000
1261229770.778044 0.435900 1.007333 0.581460 0.004622
1261229770.978066 0.396575 1.000267 0.491305 0.000000
1261229771.078063 0.394005 1.000267 0.484879 0.000000
0.000000 2729703440102236648447672320.000000 0.000000 6824258747829544210795593728.000000 0.000000
1261229771.678083 0.379225 1.000667 0.447730 0.000000
1261229771.778076 0.376720 1.000800 0.441400 0.000000
1261229772.028064 0.471047 1.004667 0.583558 0.091727
1261229772.228061 0.443180 1.004667 0.567922 0.037694
1261229772.328070 0.375721 1.000133 0.439236 0.000000
1261229772.378075 0.380314 1.000400 0.450585 0.000000
1261229772.628055 0.489742 1.003333 0.591887 0.130802
0.000000 0.366112 1.000667 0.414946 0.000000
1261229772.928074 0.353541 1.000533 0.383586 0.000000
1261229773.078077 0.350172 1.000400 0.375229 0.000000
1261229773.228086 0.337720 1.000400 0.344100 0.000000
0.000000 25404586763423270915778019328.000000 0.000000 63511465727966556572033744896.000000 0.000000
1261229773.728076 0.331799 1.000133 0.329431 0.000000
1261229773.828092 0.334747 1.000400 0.336667 0.000000
1261229774.028089 0.466382 1.002667 0.518504 0.146119
0.000000 0.319121 1.000533 0.297536 0.000000
1261229774.478082 0.306431 1.000400 0.265878 0.000000
1261229774.578083 0.296272 1.000000 0.240681 0.000000
1261229774.828106 0.290279 1.000133 0.225630 0.000000
1261229774.978081 0.515355 1.004667 0.475977 0.310078
1261229775.128101 0.279111 0.997733 0.198912 0.000000
1261229775.178083 0.281648 0.997733 0.205254 0.000000
1261229775.478120 0.415623 1.001333 0.417512 0.120879
1261229775.528104 0.304705 0.985867 0.268830 0.000000
0.000000 36135730138028115656542519296.000000 0.000000 90339324164478668423944994816.000000 0.000000
1261229775.928095 0.316915 0.961600 0.311488 0.000000
1261229776.128107 0.333813 0.953333 0.357865 0.000000
1261229776.228116 0.475547 1.002667 0.469047 0.218487
1261229776.478096 0.294747 0.860533 0.306602 0.000000
1261229776.528093 0.284675 0.858800 0.282287 0.000000
1261229776.828114 0.307362 0.812267 0.362271 0.000000
1261229776.878107 0.312567 0.785333 0.388752 0.000000
1261229777.128093 0.292204 0.713467 0.373776 0.000000
1261229777.178094 0.295052 0.710533 0.382363 0.000000
1261229777.428112 0.265877 0.696533 0.316427 0.000000
1261229777.528116 0.289380 0.679600 0.383650 0.000000
1261229777.778136 0.313112 0.710400 0.427580 0.000000
1261229777.878097 0.310300 0.701333 0.425082 0.000000
1261229778.028110 0.316741 0.714133 0.434787 0.000000
1261229778.128115 0.328095 0.693467 0.473505 0.000000
1261229778.378119 0.344186 0.678400 0.521264 0.000000
1261229778.478130 0.354244 0.706933 0.532145 0.000000
1261229778.728116 0.347835 0.685467 0.526854 0.000000
1261229779.028126 0.332398 0.685067 0.488462 0.000000
1261229779.078131 0.329763 0.688133 0.480340 0.000000
1261229779.128140 0.339057 0.705467 0.494908 0.000000
1261229779.278143 0.321153 0.687600 0.459084 0.000000
1261229779.378117 0.325015 0.678133 0.473471 0.000000
1261229779.628125 0.309828 0.667733 0.440703 0.000000
1261229779.728130 0.314136 0.684267 0.443207 0.000000
1261229779.978145 0.325757 0.694800 0.466993 0.000000
1261229780.078150 0.345166 0.695600 0.515115 0.000000
1261229780.328136 0.340568 0.676133 0.513352 0.000000
1261229780.628149 0.338880 0.702533 0.495934 0.000000
1261229780.678147 0.334620 0.700400 0.486350 0.000000
1261229780.728160 0.337240 0.731333 0.477434 0.000000
1261229781.028136 0.334095 0.697600 0.486437 0.000000
1261229781.128146 0.356851 0.741333 0.521460 0.000000
0.000000 3.890727 0.000000 9.726818 0.000000
1261229781.428161 0.357006 0.720133 0.532449 0.000000
1261229781.485345 0.352016 0.714667 0.522708 0.000000
1261229781.678143 0.351757 0.727867 0.515458 0.000000
1261229781.778148 0.343395 0.711200 0.502888 0.000000
1261229782.097184 0.331026 0.697733 0.478697 0.000000
1261229782.178170 0.331253 0.712933 0.471665 0.000000
1261229782.428149 0.336606 0.667600 0.507715 0.000000
1261229782.628155 0.329781 0.700933 0.473987 0.000000
0.000000 1.204767 0.000000 3.011916 0.000000
1261229782.878182 0.330430 0.706400 0.472875 0.000000
