# number of KF, number of MP, UpdateLM[ms], SearchLP[ms], PoseOpt[ms]
2,1404,1.539998,5.858755,13.413271
2,1407,0.636696,5.464861,12.249128
3,617,0.904901,1.394986,3.644645
3,753,0.314005,1.122225,2.753259
3,1176,1.518695,7.741239,10.329295
3,1164,0.445628,1.471429,3.456281
4,1073,0.433928,1.112129,2.565750
4,1513,0.920745,3.483888,7.421229
4,1575,1.196166,2.968810,7.365239
4,1566,3.792158,4.585819,5.672444
4,1559,3.586387,1.244679,2.700613
5,1223,0.429871,0.867534,3.513712
5,1303,0.418919,0.981313,1.902450
5,1629,0.570186,1.787720,3.211231
5,1646,0.739623,1.344958,2.872324
5,1653,0.964676,1.352019,3.134409
5,1651,0.786268,0.912492,2.158617
5,1651,0.867448,1.779991,6.310212
6,1267,0.474782,0.718078,2.093987
6,1548,0.749311,1.388917,3.017006
6,1658,0.674071,1.179005,3.096765
6,1658,0.707162,0.948945,1.488282
6,1683,3.330583,1.495827,1.438445
6,1683,0.582040,0.968518,1.388024
6,1670,1.096652,1.472353,2.798092
6,1670,1.463119,1.431823,2.443458
7,1505,2.309186,1.640026,2.681550
7,1543,2.363719,5.799217,3.986455
7,1523,0.687421,4.256001,4.590946
7,1522,0.544609,0.790901,1.622133
8,1359,1.236814,0.851539,2.249816
8,1473,0.999266,2.769519,7.815800
8,1447,1.122865,1.438432,3.032933
8,1446,0.603650,0.778975,2.355391
9,1533,0.563767,0.944349,2.801397
9,1614,0.905046,1.209156,4.253395
9,1581,1.535339,2.013552,3.800598
9,1581,4.517169,1.415854,2.565709
9,1581,0.647854,0.911489,2.032844
9,1581,0.866290,1.226340,3.131373
9,1581,0.656996,1.360591,2.835888
10,1586,0.899892,1.495567,3.316772
10,1670,0.843064,1.464278,3.268910
10,1636,0.994738,1.688517,3.225995
10,1636,1.302430,1.688469,4.726726
10,1636,0.641246,0.835283,2.830395
11,1725,2.533582,2.530885,3.766288
11,1702,1.253049,2.930770,4.107881
11,1702,0.824264,1.172421,2.478092
11,1702,0.775748,0.994519,3.162628
11,1702,0.845435,1.561366,3.215124
12,1792,4.446695,1.996278,4.816113
12,1815,4.830810,2.612506,4.410402
12,1780,1.889712,2.990835,8.465283
12,1780,5.311364,1.038481,3.345383
13,1898,0.810061,1.325974,2.373243
13,1920,1.180511,1.641062,3.613018
13,1885,2.386908,7.254185,2.998294
13,1885,2.596363,2.487678,3.676632
14,1985,1.305732,2.135557,3.565395
13,1998,1.130441,1.661393,3.240059
14,1956,1.034903,1.986192,3.746788
13,1956,1.405927,1.892680,2.773443
14,1956,0.756453,0.971947,2.084240
14,2041,0.970111,1.782601,3.706669
14,2022,2.352229,2.745318,3.448015
14,2012,1.292166,3.970151,4.078559
14,2012,1.514016,1.276105,2.378670
15,2132,0.876730,2.539714,3.698119
15,2101,0.976676,2.238333,8.558288
14,2101,1.276722,3.819489,4.559473
14,2101,0.930737,1.134619,2.353535
15,2232,1.404459,7.341401,5.026466
14,1821,2.021919,12.519690,3.552389
14,1821,2.134382,1.021019,3.430566
14,1821,1.082323,1.637611,3.321010
15,1922,0.765726,1.727144,4.805661
15,1886,1.974492,2.013097,4.932114
15,1886,1.205641,1.849617,5.073359
15,1886,1.462141,1.669581,2.516750
16,1990,1.034769,1.743127,4.323645
16,1969,1.563955,1.753734,3.561470
16,1969,1.392808,1.832782,5.178453
16,1969,1.443917,2.697081,2.581067
16,1969,0.930665,1.049872,2.420571
16,1969,2.091163,2.070544,3.384896
17,2067,1.180499,1.734059,3.959041
17,2057,2.564084,2.196160,3.575174
17,2056,1.213871,1.417216,4.281315
17,2056,1.156720,2.029266,3.523710
17,2056,0.740245,0.996519,2.493747
17,2056,1.457178,1.063164,2.887032
17,2056,0.903779,1.250641,2.972412
17,1801,0.888953,1.528986,3.562731
17,1787,1.309104,2.287872,4.136315
17,1786,0.726886,0.907399,2.233063
17,1786,0.833036,1.089260,2.376890
18,1974,1.280892,2.184610,5.473368
18,1967,1.435946,6.296080,5.025423
18,1967,1.665613,2.101937,4.172246
18,1967,0.804394,1.267947,3.618816
19,2090,1.412295,2.202166,4.788493
19,2077,2.057953,2.282748,4.918942
17,1918,1.257283,2.068202,3.839321
17,1918,0.760692,1.210856,2.808908
18,2005,0.749065,1.360080,2.979447
18,1999,1.774134,2.034091,4.767961
18,1999,0.918240,1.213123,3.002911
17,1999,0.652727,0.990592,2.089166
15,1726,2.561490,1.730569,3.556369
15,1726,1.484176,2.440519,5.159479
15,1726,0.654866,0.855875,2.426535
16,1903,0.739511,1.591614,3.264821
15,1836,0.794966,3.364013,3.016157
13,1687,0.583381,0.898510,2.197743
15,1893,0.623280,1.150180,3.088406
14,1798,0.636927,0.897586,2.092395
15,1885,0.665708,1.113169,2.630899
15,1887,0.850960,1.622625,3.422307
15,1887,1.479255,2.315640,3.123797
16,1974,2.288410,1.447066,2.580147
17,2033,0.633666,1.157775,2.800486
17,2032,1.466286,2.787314,4.420814
17,2032,2.858180,1.515858,4.785502
17,2033,0.912580,1.723661,3.246470
18,2112,0.972175,1.485844,2.825185
18,2112,0.677329,0.872163,2.338466
15,1878,0.555441,1.006023,2.780521
15,1878,1.093593,1.779239,3.738791
15,1878,0.676362,0.983073,1.962527
16,1973,0.849139,1.318326,3.918159
16,1963,0.696170,1.168277,2.804295
16,1963,0.876778,1.205455,2.046704
17,2068,0.857824,1.595246,6.037084
16,1982,0.618150,0.971337,2.081485
17,2146,0.910604,1.864123,5.397829
17,2142,0.836394,2.263296,2.613277
17,2140,0.858886,1.351101,3.142817
18,2195,1.153523,2.639857,2.890947
16,2052,0.794942,1.604623,3.089579
18,2195,0.701551,0.997995,1.299400
19,2212,0.931077,3.674415,2.990522
17,2068,0.804050,1.400629,2.276339
20,2347,4.050042,2.668637,2.839283
20,2347,3.534803,1.304345,1.977873
15,2007,0.666185,0.911406,1.826423
16,2102,0.628206,1.379145,2.138050
21,2442,0.919834,1.214917,1.988298
21,2442,1.199627,1.217768,2.733597
22,2493,1.452464,2.858734,3.658067
22,2488,1.044232,1.924266,3.681246
22,2488,1.727555,2.584530,2.190845
22,2488,1.396668,2.660942,2.850731
23,2511,1.152264,2.559423,2.346616
23,2511,1.652283,5.502043,1.544147
24,2659,1.043457,1.939614,2.933713
24,2655,1.115595,2.003071,2.573303
24,2654,0.819906,1.235049,1.954083
24,2654,1.546585,2.442562,2.680117
17,1922,0.781930,1.426897,3.183766
17,1919,0.559704,0.843635,1.458398
18,2024,0.801868,1.625835,2.631628
18,2015,2.743719,3.860784,3.652985
16,1763,0.488778,0.937606,1.800472
17,1888,2.351213,1.938900,1.395502
18,1925,0.872813,1.613151,2.340845
18,1924,0.571619,1.205461,2.029715
14,1522,0.751924,1.949757,3.280245
14,1522,0.602764,1.836933,3.150735
14,1522,0.518230,0.864778,1.691734
15,1554,0.443976,1.063007,1.744843
15,1552,0.847169,1.545817,3.261219
13,1300,0.816606,1.452593,4.183054
16,1628,1.509028,1.608781,2.527850
17,1727,0.858404,1.524172,2.477380
16,1627,1.638476,2.298818,1.820280
17,1652,0.543357,1.007463,2.306530
16,1564,0.791867,1.322152,2.034229
18,1696,1.622852,1.646889,2.978867
13,1221,0.479285,0.908056,1.263909
14,1287,0.548718,1.402763,1.937140
14,1287,0.528179,1.580736,2.042895
14,1287,0.546872,0.777142,1.711294
13,1185,0.404383,0.634321,1.791487
13,1185,0.413096,0.555443,2.422553
11,1027,1.362190,0.633385,1.115707
12,1073,0.362518,0.602003,1.504333
12,1073,0.596810,0.848816,1.785859
13,1166,1.063221,1.741049,2.739330
12,1107,0.583120,0.828098,1.983313
12,1107,0.505706,0.605532,1.400594
13,1182,0.556278,0.966708,2.182584
14,1236,0.618544,0.826401,1.525307
15,1283,0.653054,1.104156,2.713226
15,1280,0.521041,0.588381,1.708528
15,1280,0.460141,0.514502,1.580001
14,1225,0.396785,0.451787,1.537380
15,1267,0.522860,0.689232,1.843276
15,1266,0.615615,0.870323,2.007050
15,1266,0.464368,0.528229,1.408115
15,1266,0.498913,0.605054,1.606978
16,1321,0.435236,0.788026,1.641748
16,1319,0.878432,1.803423,4.059991
16,1319,0.960181,2.033630,2.220060
16,1319,0.625370,0.743520,3.243434
16,1319,0.591014,0.791945,2.258129
16,1319,0.591790,1.026561,1.905172
17,1388,1.018296,0.772638,2.022381
17,1383,0.716493,0.904214,2.029143
18,1438,0.556917,0.864056,3.167614
19,1565,1.047937,1.387033,3.586505
18,1504,1.012174,2.538022,2.577839
18,1504,0.541028,0.668410,1.737015
19,1607,1.062410,2.489985,4.896483
19,1589,0.819752,1.134578,2.798129
20,1644,0.669807,0.795213,1.679940
20,1658,1.048266,1.650458,3.981959
20,1631,0.666902,1.364613,2.205658
21,1684,0.768575,0.992374,2.212549
20,1629,0.653796,0.709840,1.906643
21,1687,0.781244,0.964375,2.178107
22,1723,0.748582,0.824943,2.218960
22,1723,0.660612,0.682912,2.196506
21,1668,3.264170,0.852464,1.865495
22,1717,0.680297,0.940319,2.479862
22,1708,0.977413,1.933445,2.420530
22,1708,1.187908,1.623612,2.307726
22,1708,3.780567,3.946363,3.022658
23,1784,0.649223,0.856958,2.195710
23,1775,0.727439,0.858327,2.776512
24,1830,1.317271,3.008370,3.339307
24,1829,1.102123,1.084474,1.971836
25,1914,1.379378,1.683651,2.899899
25,1891,1.702134,4.760314,3.652400
25,1890,0.692850,0.804213,1.492971
23,1810,0.742125,3.478085,2.760233
24,1945,2.702881,1.009804,1.870986
23,1796,1.186059,2.340150,1.394215
23,1794,1.100603,1.437443,1.648241
23,1698,0.891203,1.279071,2.584585
23,1688,0.940413,1.569504,1.937102
23,1688,1.357830,1.651244,3.856051
23,1688,0.602236,0.547687,1.008955
24,1728,1.440213,2.108832,2.535697
24,1717,0.691461,0.912749,1.546699
24,1717,0.626226,0.690924,1.294323
23,1648,0.639404,0.993497,1.401662
25,1747,0.884470,2.661672,2.908886
25,1739,0.795443,1.084704,1.499335
25,1739,1.034496,1.158145,1.983384
25,1739,0.577601,0.562265,0.979214
26,1786,1.568280,1.369910,1.804895
26,1785,1.134163,1.239036,1.609752
26,1785,1.246891,1.735919,2.149151
25,1865,0.650739,0.871373,2.534105
25,1864,1.363921,2.264770,2.900756
20,1361,0.542784,0.605550,1.371029
23,1734,0.856604,1.048982,1.719354
21,1713,0.573038,0.578464,1.114329
20,1616,0.671218,1.191540,1.636973
20,1607,3.358780,2.605942,2.561497
19,1270,0.556073,0.929791,1.744462
19,1289,0.979679,1.978714,1.779317
19,1282,0.779586,2.394754,2.100890
19,1282,1.999516,0.699027,1.168782
18,1254,0.635860,2.907101,2.834796
17,1202,0.550199,1.145512,2.080494
18,1243,0.527994,0.596499,1.123202
18,1246,0.720928,1.065309,2.128570
17,1227,0.557332,1.505487,2.130479
15,1085,0.389388,0.631189,1.312107
18,1312,0.745086,0.988948,1.642876
16,1163,0.465459,0.714671,1.934581
16,1163,0.468938,0.693484,1.421853
17,1211,0.584511,0.828658,1.857618
15,1053,0.516162,0.800442,2.095162
14,996,0.480302,0.682145,1.247240
15,1069,0.459830,0.974033,2.076898
15,1054,0.547944,1.154146,2.279825
15,1054,0.426546,0.570110,1.726997
16,1133,0.641762,1.020246,1.697762
14,967,0.393441,0.671423,1.450392
16,1120,1.400668,0.884411,1.735870
17,1202,0.588787,1.151055,1.735206
14,964,0.897435,0.674077,1.673486
15,1047,0.986645,0.761315,1.359051
15,1047,0.379906,0.766969,2.083521
15,1022,0.544659,0.821226,2.204466
15,1006,0.426677,0.926737,1.811941
15,1005,0.480167,0.763382,1.861175
15,1005,0.825777,0.996736,2.039541
16,1066,0.441106,0.876198,2.321438
15,1011,0.617125,1.501544,2.582042
15,1011,0.424212,0.696195,1.500241
17,1126,0.610494,1.274825,2.677418
16,1073,0.406784,0.737226,1.419026
16,1073,1.148464,1.203643,2.513209
17,1155,0.826006,1.840016,2.340844
17,1152,2.409172,2.824977,2.355911
17,1152,0.670086,3.629781,2.730598
18,1238,0.533003,1.361619,3.380770
18,1235,0.544581,1.032355,2.554973
18,1235,1.121630,3.849467,2.312425
18,1235,0.729053,1.263690,2.347485
19,1304,2.036311,1.611317,2.771501
19,1285,0.647662,1.068232,2.142287
16,1195,0.517618,0.948049,1.770870
18,1303,0.641939,1.543964,3.394798
20,1380,0.741361,1.060502,2.550842
17,1256,0.508708,0.983922,2.064653
17,1256,0.512546,0.997550,2.396311
21,1437,0.936791,2.181416,4.068817
21,1435,0.797409,1.472559,2.889260
19,1358,0.659874,1.015861,2.017858
14,1145,0.599426,1.650235,2.793614
22,1506,1.053238,1.703068,3.545096
19,1356,0.696537,1.168811,2.380032
19,1356,0.764854,1.029809,2.171437
16,1236,0.880229,1.438323,2.467218
16,1236,1.612716,1.024146,1.892203
17,1289,0.889224,1.876833,2.052355
16,1224,2.778858,2.312579,3.197110
15,1183,0.531331,1.078458,1.755376
17,1329,0.757978,1.799816,2.801075
20,1433,0.770290,0.972668,2.437982
17,1311,0.922247,4.157469,2.313055
21,1538,0.739440,1.440483,3.479660
21,1528,0.688330,1.012000,2.326256
21,1526,2.003462,1.345195,2.129708
19,1486,0.671471,1.830714,3.329554
19,1478,1.170562,2.143771,3.688674
19,1477,0.609272,1.278402,1.959746
20,1535,0.917506,1.873776,2.752145
20,1509,0.903594,1.401187,2.736255
20,1509,0.583641,0.812714,2.045846
21,1535,2.694130,1.553284,2.391481
21,1511,2.375180,3.021923,2.335673
21,1509,0.765824,1.283439,1.696870
22,1553,0.645481,1.298941,1.831534
22,1529,1.010387,1.453984,1.718538
22,1529,0.983038,1.398655,2.018272
22,1529,0.575708,0.779923,1.206246
22,1482,3.167297,5.045752,2.437162
22,1458,1.297687,2.243857,1.459272
22,1458,0.762133,1.233887,1.121940
22,1458,0.529499,0.680971,0.808293
23,1464,0.706849,1.247833,1.201774
24,1489,2.024822,1.657270,1.388169
23,1448,0.948402,1.085692,1.121709
25,1563,0.626015,1.048966,1.300038
25,1548,0.737826,2.276081,2.044602
25,1548,2.736650,1.471151,3.609087
25,1548,0.597223,0.870218,1.118594
25,1548,0.647096,0.742584,1.155230
25,1548,0.634282,0.805741,1.008992
25,1548,0.760493,0.885454,0.960256
25,1548,0.582404,0.719011,0.971014
25,1548,2.437772,1.274473,0.941419
25,1548,0.594975,0.661872,0.875629
26,1551,0.864070,1.051094,1.254090
26,1535,2.074453,1.706540,1.575399
27,1581,0.759936,1.162042,1.080281
28,1605,0.845341,1.074639,1.553171
27,1547,1.008360,1.289963,1.571368
27,1547,0.850491,1.019387,1.682712
27,1547,0.671443,0.735884,0.737382
29,1654,4.838884,1.028177,1.326872
28,1592,1.062391,1.598857,1.533113
28,1592,0.895227,1.122774,2.252027
28,1592,0.630671,0.573232,0.757920
29,1638,1.811135,4.095884,1.423429
29,1623,0.820727,4.177550,1.741936
29,1611,1.002754,1.156918,0.976389
29,1611,2.224117,0.760961,0.979865
29,1634,0.614724,0.720727,1.217392
29,1629,1.049983,1.356439,2.100521
30,1670,0.858049,2.180106,1.349110
30,1670,1.848832,0.696183,0.945611
30,1670,2.248510,0.737813,1.012013
30,1657,0.650762,0.764138,0.966266
31,1686,0.889024,0.804885,0.966459
30,1645,0.752409,1.005163,1.302813
31,1686,0.625835,0.766229,1.495845
32,1703,1.110017,1.381343,1.930592
32,1696,0.904888,1.207686,1.206972
31,1655,0.702978,0.733689,1.337846
31,1655,0.789405,0.793494,1.046544
32,1682,1.712326,1.377818,1.452793
32,1676,1.071501,1.279461,1.563275
33,1717,0.655784,0.610477,0.947927
34,1772,0.987262,1.243550,1.623215
34,1767,0.770118,0.774923,0.849809
34,1766,0.990806,1.002043,1.079111
34,1768,0.973083,1.389565,1.944421
34,1768,0.829619,1.033297,2.423937
34,1768,1.037242,1.857599,1.311290
35,1809,0.785618,0.735073,0.786985
36,1840,0.783205,1.931733,0.981097
36,1840,0.763214,0.721963,1.220824
37,1962,2.808799,1.141173,2.438798
37,1962,1.314533,1.292325,2.697812
37,1962,0.928520,0.883775,1.212560
37,1962,0.941259,1.220702,2.178343
38,1986,1.742130,3.960476,1.300570
38,1986,1.364508,1.498508,1.429481
39,2014,1.138704,1.331292,1.933627
39,2012,0.798225,0.831159,1.530812
39,2012,0.786740,0.613386,1.082146
40,2089,1.021647,0.951878,1.200952
40,2072,2.479298,1.551690,1.262044
39,2031,0.990688,3.056069,1.086053
41,2108,1.443132,1.714028,1.646975
41,2096,1.352023,2.111906,1.549860
40,2054,1.545458,1.078738,1.850855
41,2125,1.150593,1.534947,1.851559
41,2115,2.292518,2.917046,2.254402
41,2115,1.414055,2.064326,1.767960
42,2166,1.111931,2.056492,3.308332
43,2195,1.233668,1.530157,1.733608
42,2154,0.820208,0.745491,1.007978
43,2197,0.916271,1.938314,1.460924
43,2191,1.376880,2.994676,1.673362
43,2191,0.961101,1.046594,1.019600
44,2273,1.107098,1.487336,1.986560
42,2263,1.406263,2.789882,2.639409
44,2263,0.874566,0.941115,1.352135
45,2345,0.873385,1.088195,1.601028
40,2300,0.895736,1.188144,1.476516
21,1070,0.542744,0.679794,1.355747
28,1919,1.783510,4.599922,2.269789
30,1931,0.946776,2.121451,1.961485
45,2336,0.845475,0.915228,1.330493
33,1981,1.278844,2.217140,1.384904
28,1985,1.001828,1.568770,1.649683
27,1974,2.245733,1.766655,1.626473
31,2090,0.661974,0.814644,1.037127
25,1226,1.527911,0.859062,1.516755
21,1139,0.788212,1.299017,1.983384
20,1109,0.669750,0.839331,1.381210
25,1223,0.502220,0.722980,2.059475
25,1230,0.480275,0.795761,1.733571
19,1148,0.418379,0.629501,0.833256
35,2216,0.990795,1.645299,2.754719
35,2214,3.968970,2.037139,1.312651
34,2214,1.062450,1.253306,1.082272
35,2214,0.764806,0.988573,1.045308
48,2529,1.135121,1.417972,1.413598
48,2516,1.182886,1.374635,1.042225
48,2516,0.905392,0.860848,0.851968
37,2242,0.749363,1.039788,0.970619
37,2231,3.399169,1.190508,1.088946
49,2537,0.910997,0.755032,0.731902
51,2636,0.938934,0.862330,1.036344
51,2636,1.909721,1.567146,1.252143
54,2762,1.082126,1.060740,1.178574
45,2511,1.057740,0.929926,0.914798
52,2675,1.050430,0.829033,0.809148
55,2802,5.630522,1.387585,1.544227
55,2802,1.052464,1.005438,1.320269
55,2802,1.121239,0.849548,0.849875
56,2831,1.576734,1.105601,1.685791
56,2823,2.064675,1.801714,2.551491
55,2775,1.092499,0.955822,0.824026
57,2869,1.378675,1.039582,1.688846
55,2829,1.594468,2.232839,1.394349
55,2828,1.162360,0.829829,0.724297
56,2810,2.620916,1.134189,0.748499
58,2849,1.242417,1.327046,0.952481
58,2843,1.325565,0.987037,1.089598
58,2843,1.092230,0.813568,0.756141
59,2890,1.788947,1.886605,0.933692
60,2926,1.344694,1.077687,0.955508
58,2846,1.726916,2.069108,1.035710
60,2970,1.103402,1.106791,1.123354
58,2939,2.334186,4.527855,2.474051
55,2915,1.489806,1.353564,0.937371
61,2968,1.402259,1.032465,0.931356
61,2962,2.923404,1.607864,1.353574
61,2962,1.287463,0.887937,0.678352
60,2917,5.571687,2.554156,1.554106
60,2916,1.872779,2.173939,1.104231
60,2916,2.147761,2.252038,1.019777
46,2630,0.844883,1.081294,1.515558
46,2625,1.028264,0.858712,0.907877
46,2625,3.241879,2.079910,0.814321
30,1455,0.865768,1.074178,1.300912
30,1455,0.566262,0.509861,0.878422
30,1455,2.173740,0.668737,0.938897
31,1499,0.874773,1.113857,1.736918
31,1499,0.755552,0.594269,0.901126
31,1499,0.566870,0.505633,0.831156
31,1499,0.639178,0.603371,0.707534
32,1541,0.576105,0.650075,1.416424
32,1541,0.830431,0.941215,1.247138
32,1541,1.041994,1.006990,1.271778
33,1637,0.850642,1.140767,1.528506
33,1632,0.778780,0.777832,1.519008
33,1632,1.515382,0.677672,1.430125
33,1632,0.667774,0.642618,1.080500
33,1632,0.889689,0.927980,1.204328
33,1632,0.851055,1.062477,2.300672
34,1626,0.791949,0.805493,1.154410
34,1625,0.954117,0.733862,0.849177
35,1694,0.866880,2.003394,2.441271
35,1691,0.710608,0.766140,1.164502
35,1691,1.958811,1.191562,1.385324
35,1691,0.639254,0.573618,0.888234
36,1725,1.462314,1.170868,1.301383
36,1723,1.502923,0.998301,1.356769
37,1757,2.206061,0.908577,1.939059
37,1757,0.918979,1.032920,1.907816
37,1757,0.785339,0.736714,0.984187
37,1757,1.411244,2.059687,1.493737
38,1783,1.855388,1.118819,1.584551
38,1783,1.063507,1.712820,2.947736
39,1865,0.746199,0.929921,1.554910
39,1854,1.558936,2.013659,1.860589
39,1854,0.744369,0.753656,1.394711
40,1947,0.920972,1.074075,1.715370
40,1942,1.305178,1.294435,1.739440
40,1942,1.194172,0.766114,2.148934
40,1942,0.941407,2.043614,1.842415
41,1956,1.167329,1.077017,2.224141
41,1946,0.943302,1.393527,2.041033
41,1946,0.834426,0.829002,1.369718
41,1946,1.429450,1.335410,1.646444
42,1976,1.648336,1.465113,1.456838
42,1961,1.225595,1.262394,2.482493
42,1961,0.773654,0.655583,1.022568
43,2034,1.306202,1.902416,2.028412
43,2029,1.428924,2.138278,2.244987
43,2029,0.963923,0.770025,1.247053
43,2029,1.612649,2.711502,1.785132
44,2034,0.995595,1.480579,1.248007
44,2026,1.238527,1.576952,1.468745
44,2026,0.850454,0.700412,0.685064
45,2032,0.885561,0.922061,0.919869
45,2024,1.167817,2.429096,1.279501
45,2024,0.829802,0.691266,0.863437
46,2062,1.282764,1.275629,1.218727
46,2058,1.277436,1.256923,0.910548
22,1009,1.369581,0.498142,0.576067
25,1107,0.683423,0.885381,1.147875
25,1103,0.565168,0.586421,0.787316
24,1043,0.612437,0.800545,1.177441
30,1234,0.546584,0.488879,0.933062
24,1040,0.470834,0.367624,0.443054
25,1065,0.586969,0.677079,0.680281
25,1062,0.594123,0.676467,1.817659
25,1062,0.512593,1.210558,0.696266
26,1035,0.418861,0.411834,0.630088
32,1227,0.926775,0.882479,1.003541
32,1227,0.778447,0.709202,0.558679
30,1159,0.536587,0.487786,0.688398
30,1156,2.102767,0.840278,0.896453
27,1056,0.479383,0.392251,0.582646
28,1083,0.732997,0.827012,1.153161
31,1178,0.793093,0.782823,1.117772
31,1178,0.630329,0.465035,0.476011
29,1093,0.476053,0.556736,0.861496
35,1284,1.713782,1.439557,0.922083
35,1284,0.535715,0.492646,0.581608
35,1284,0.739954,0.793193,0.802937
30,1098,0.514534,0.477464,0.746810
30,1095,0.900379,1.800154,1.767735
33,1195,1.285927,0.713247,1.831109
34,1240,0.763045,0.808529,1.192800
34,1234,1.241584,1.275900,1.060519
31,1133,0.913789,0.725692,1.167575
31,1133,0.686103,0.762570,1.051881
35,1261,0.564682,0.497591,0.846934
35,1256,2.738707,0.600473,0.698801
35,1256,0.644368,0.556325,0.777797
36,1304,0.922549,1.933211,1.427181
39,1399,0.953900,0.919424,1.287064
39,1397,1.937506,0.851552,1.016554
39,1397,0.897132,0.893837,1.110552
40,1401,0.684070,0.693870,1.073873
40,1393,1.602761,1.182603,1.533387
40,1393,2.202261,0.526627,0.892955
41,1444,3.537483,1.551599,1.301550
41,1445,1.031707,1.030191,1.656369
41,1445,0.951364,0.969657,1.466486
41,1445,1.101919,0.897331,1.263986
38,1351,0.617056,0.701516,1.078961
38,1351,1.136921,0.806066,1.176854
41,1445,0.665083,0.531653,0.735443
42,1472,0.889214,0.916692,1.851572
36,1271,0.921618,0.943273,1.482319
36,1271,0.654000,0.841573,1.474733
36,1271,0.863594,0.888144,1.831972
36,1271,1.016231,0.893190,1.213278
37,1288,0.817469,0.974172,2.255569
37,1283,3.943791,0.940583,1.133208
37,1282,1.298925,0.879892,1.305966
37,1282,0.766411,0.772096,1.319521
38,1348,3.009063,2.588963,1.561841
38,1337,1.178820,0.981165,1.625770
44,1531,0.727530,0.572222,1.004600
45,1589,1.129201,1.170120,2.099984
45,1577,0.911720,0.763354,1.257405
45,1577,4.323539,1.325475,1.482403
46,1631,0.901005,1.053369,2.516926
46,1616,0.781013,0.758427,0.996649
46,1615,0.776751,0.674441,0.896557
47,1672,0.717707,0.729229,1.652203
47,1655,1.148973,1.177022,1.296710
47,1655,0.765416,0.662035,0.833717
48,1679,1.044023,1.265975,1.776551
48,1678,1.432522,1.785417,1.977153
49,1728,0.791928,0.752539,1.324344
49,1724,0.805967,0.893087,1.198582
49,1724,1.242815,1.593637,1.338068
50,1772,2.170388,1.296840,1.443975
50,1772,0.874394,0.835071,2.688233
45,1653,1.293835,1.008997,3.315748
51,1833,1.354404,1.541553,2.133628
51,1832,0.940052,1.196032,0.831467
52,1869,1.381031,1.636264,0.950721
52,1868,0.885495,0.713254,0.852368
52,1868,0.844659,0.699634,0.705858
53,1866,2.087114,1.194072,1.170200
47,1672,0.748066,0.628447,0.922569
53,1866,0.919538,0.726202,0.699907
54,1869,1.166476,1.176208,0.813887
54,1868,1.088392,0.892193,1.405334
31,1357,0.956486,1.189190,1.784258
32,1356,0.708557,0.898177,0.996020
35,1317,0.518371,0.536590,0.526664
36,1329,0.854530,0.958569,0.966794
36,1329,0.585280,0.507035,0.578986
34,1405,0.751862,0.976717,1.231069
31,1399,0.516543,0.493940,0.760347
31,1399,0.513145,0.490517,0.575546
33,1420,1.819029,0.907104,1.036113
33,1420,0.518346,0.433329,0.640086
38,1448,0.740900,0.961424,1.112885
30,1301,0.606343,0.685637,0.980087
35,1491,2.258488,3.837980,1.242508
34,1489,0.749766,0.766145,0.813085
35,1566,0.931453,2.052244,1.869229
42,1569,1.166680,1.809987,1.015337
36,1601,0.738888,2.175238,0.869595
36,1593,1.736677,0.635870,0.750125
22,872,0.787121,3.083561,1.023231
22,871,0.358217,0.410212,0.623247
23,897,0.571625,0.490340,0.762111
23,897,0.813203,1.339012,0.670044
39,1634,0.638138,0.787888,0.772780
24,945,0.664875,0.762638,1.312833
25,966,0.742954,1.364488,0.922433
25,967,2.163460,0.674251,1.055407
21,855,0.694280,1.120635,0.607354
26,955,0.558797,0.676197,0.928467
26,953,0.471779,0.442544,0.882396
23,1308,0.446159,0.596158,0.875788
27,1007,0.903092,1.475252,1.672024
23,895,0.380241,0.385825,0.529339
24,921,0.542634,0.742688,0.909222
24,921,0.381508,0.358782,0.502992
25,928,1.376250,0.537844,0.700785
25,927,0.427374,0.370053,0.434390
26,970,1.085205,0.808809,3.032226
26,970,0.410686,0.394563,0.426194
26,970,0.401877,0.357574,0.293908
27,962,0.597311,0.636610,0.673370
27,962,1.082559,0.797014,0.702011
27,962,0.435603,0.371667,0.367747
28,952,0.490246,0.378597,0.461329
28,951,0.515806,0.958481,0.721771
28,951,0.435104,0.280182,0.395287
29,980,0.401485,0.360334,0.587427
29,980,0.801563,0.907779,0.742216
29,980,0.968629,0.701965,0.636848
29,980,0.409207,0.369843,0.436974
29,980,0.656999,0.588564,0.569221
29,980,0.427571,0.357504,0.361472
30,974,0.665172,0.419626,0.521689
30,974,0.641767,0.453513,0.602824
30,974,0.443619,0.368544,0.415981
31,1006,0.624417,0.642275,0.772857
31,1006,0.493246,0.670260,0.828231
30,966,0.453591,0.405507,0.488021
30,966,2.103226,0.474475,0.595069
31,1001,0.637424,0.784553,1.039715
31,1000,0.641655,0.598529,0.833684
32,1040,0.444261,0.374576,0.636164
32,1040,0.677450,0.650401,0.740640
